function T = T1_conf2(rho,x01,x02,x03,x04,x05,x06)

T = [0,0,(-0.176777E0).*((x03+(-1).*x05).^2+(x04+(-1).*x06).^2).^( ...
  -1/2).*((-0.2E-1).*x04+0.2E-1.*(x03+(-1).*x05)+0.2E-1.*x06).^2,( ...
  -0.176777E0).*((x03+(-1).*x05).^2+(x04+(-1).*x06).^2).^(-1/2).*(( ...
  -0.2E-1).*x04+0.2E-1.*(x03+(-1).*x05)+0.2E-1.*x06).^2,( ...
  -0.176777E0).*((x03+(-1).*x05).^2+(x04+(-1).*x06).^2).^(-1/2).*(( ...
  -0.2E-1).*x04+0.2E-1.*(x03+(-1).*x05)+0.2E-1.*x06).^2,( ...
  -0.176777E0).*((x03+(-1).*x05).^2+(x04+(-1).*x06).^2).^(-1/2).*(( ...
  -0.2E-1).*x04+0.2E-1.*(x03+(-1).*x05)+0.2E-1.*x06).^2].';

T = rho*T;

end