function T = T1_conf1(rho,x01,x02,x03,x04,x05,x06)

T = [(-0.176777E0).*((x01+(-1).*x03).^2+(x02+(-1).*x04).^2).^(-1/2).*( ...
  (-0.2E-1).*x02+0.2E-1.*(x01+(-1).*x03)+0.2E-1.*x04).^2,( ...
  -0.176777E0).*((x01+(-1).*x03).^2+(x02+(-1).*x04).^2).^(-1/2).*(( ...
  -0.2E-1).*x02+0.2E-1.*(x01+(-1).*x03)+0.2E-1.*x04).^2,( ...
  -0.176777E0).*((x01+(-1).*x03).^2+(x02+(-1).*x04).^2).^(-1/2).*(( ...
  -0.2E-1).*x02+0.2E-1.*(x01+(-1).*x03)+0.2E-1.*x04).^2,( ...
  -0.176777E0).*((x01+(-1).*x03).^2+(x02+(-1).*x04).^2).^(-1/2).*(( ...
  -0.2E-1).*x02+0.2E-1.*(x01+(-1).*x03)+0.2E-1.*x04).^2,0,0].';

T = rho*T;

end