function T = Tudot2_conf3(rho,x01,x02,x03,x04,x05,x06)
T(1,:) = [(-0.441942E1).*((x01+(-1).*x05).^2+(x02+(-1).*x06).^2).^(-1/2).*( ...
(-0.2E-1).*x02+0.2E-1.*(x01+(-1).*x05)+0.2E-1.*x06).^2+( ...
-0.353553E0).*((x01+(-1).*x05).^2+(x02+(-1).*x06).^2).^(-1/2).*(( ...
-0.2E-1).*x02+0.2E-1.*(x01+(-1).*x05)+0.2E-1.*x06).*((-1).*x02+ ...
x06),(-0.353553E0).*(x01+(-1).*x05).*((x01+(-1).*x05).^2+(x02+(-1) ...
.*x06).^2).^(-1/2).*((-0.2E-1).*x02+0.2E-1.*(x01+(-1).*x05)+ ...
0.2E-1.*x06)+0.441942E1.*((x01+(-1).*x05).^2+(x02+(-1).*x06).^2) ...
.^(-1/2).*((-0.2E-1).*x02+0.2E-1.*(x01+(-1).*x05)+0.2E-1.*x06).^2, ...
0,0,(-0.441942E1).*((x01+(-1).*x05).^2+(x02+(-1).*x06).^2).^(-1/2) ...
.*((-0.2E-1).*x02+0.2E-1.*(x01+(-1).*x05)+0.2E-1.*x06).^2+( ...
-0.353553E0).*((x01+(-1).*x05).^2+(x02+(-1).*x06).^2).^(-1/2).*(( ...
-0.2E-1).*x02+0.2E-1.*(x01+(-1).*x05)+0.2E-1.*x06).*((-1).*x02+ ...
x06),(-0.353553E0).*(x01+(-1).*x05).*((x01+(-1).*x05).^2+(x02+(-1) ...
.*x06).^2).^(-1/2).*((-0.2E-1).*x02+0.2E-1.*(x01+(-1).*x05)+ ...
0.2E-1.*x06)+0.441942E1.*((x01+(-1).*x05).^2+(x02+(-1).*x06).^2) ...
.^(-1/2).*((-0.2E-1).*x02+0.2E-1.*(x01+(-1).*x05)+0.2E-1.*x06).^2];

T(2,:) = [0.441942E1.*((x01+(-1).*x05).^2+(x02+(-1).*x06).^2).^(-1/2).*(( ...
-0.2E-1).*x02+0.2E-1.*(x01+(-1).*x05)+0.2E-1.*x06).^2+( ...
-0.353553E0).*((x01+(-1).*x05).^2+(x02+(-1).*x06).^2).^(-1/2).*(( ...
-0.2E-1).*x02+0.2E-1.*(x01+(-1).*x05)+0.2E-1.*x06).*((-1).*x02+ ...
x06),(-0.353553E0).*(x01+(-1).*x05).*((x01+(-1).*x05).^2+(x02+(-1) ...
.*x06).^2).^(-1/2).*((-0.2E-1).*x02+0.2E-1.*(x01+(-1).*x05)+ ...
0.2E-1.*x06)+(-0.441942E1).*((x01+(-1).*x05).^2+(x02+(-1).*x06) ...
.^2).^(-1/2).*((-0.2E-1).*x02+0.2E-1.*(x01+(-1).*x05)+0.2E-1.*x06) ...
.^2,0,0,0.441942E1.*((x01+(-1).*x05).^2+(x02+(-1).*x06).^2).^( ...
-1/2).*((-0.2E-1).*x02+0.2E-1.*(x01+(-1).*x05)+0.2E-1.*x06).^2+( ...
-0.353553E0).*((x01+(-1).*x05).^2+(x02+(-1).*x06).^2).^(-1/2).*(( ...
-0.2E-1).*x02+0.2E-1.*(x01+(-1).*x05)+0.2E-1.*x06).*((-1).*x02+ ...
x06),(-0.353553E0).*(x01+(-1).*x05).*((x01+(-1).*x05).^2+(x02+(-1) ...
.*x06).^2).^(-1/2).*((-0.2E-1).*x02+0.2E-1.*(x01+(-1).*x05)+ ...
0.2E-1.*x06)+(-0.441942E1).*((x01+(-1).*x05).^2+(x02+(-1).*x06) ...
.^2).^(-1/2).*((-0.2E-1).*x02+0.2E-1.*(x01+(-1).*x05)+0.2E-1.*x06) ...
.^2];

T(3,:) = [0,0,0,0,0,0];
T(4,:) = [0,0,0,0,0,0];
T(5,:) = T(1,:);
T(6,:) = T(2,:);


T = 0.5*rho*T;

end