function T = Tudot2_conf1(rho,x01,x02,x03,x04,x05,x06)
T(1,:) = [(-0.441942E1).*((x01+(-1).*x03).^2+(x02+(-1).*x04).^2).^(-1/2).*( ...
(-0.2E-1).*x02+0.2E-1.*(x01+(-1).*x03)+0.2E-1.*x04).^2+( ...
-0.353553E0).*((x01+(-1).*x03).^2+(x02+(-1).*x04).^2).^(-1/2).*(( ...
-0.2E-1).*x02+0.2E-1.*(x01+(-1).*x03)+0.2E-1.*x04).*((-1).*x02+ ...
x04),(-0.353553E0).*(x01+(-1).*x03).*((x01+(-1).*x03).^2+(x02+(-1) ...
.*x04).^2).^(-1/2).*((-0.2E-1).*x02+0.2E-1.*(x01+(-1).*x03)+ ...
0.2E-1.*x04)+0.441942E1.*((x01+(-1).*x03).^2+(x02+(-1).*x04).^2) ...
.^(-1/2).*((-0.2E-1).*x02+0.2E-1.*(x01+(-1).*x03)+0.2E-1.*x04).^2, ...
(-0.441942E1).*((x01+(-1).*x03).^2+(x02+(-1).*x04).^2).^(-1/2).*(( ...
-0.2E-1).*x02+0.2E-1.*(x01+(-1).*x03)+0.2E-1.*x04).^2+( ...
-0.353553E0).*((x01+(-1).*x03).^2+(x02+(-1).*x04).^2).^(-1/2).*(( ...
-0.2E-1).*x02+0.2E-1.*(x01+(-1).*x03)+0.2E-1.*x04).*((-1).*x02+ ...
x04),(-0.353553E0).*(x01+(-1).*x03).*((x01+(-1).*x03).^2+(x02+(-1) ...
.*x04).^2).^(-1/2).*((-0.2E-1).*x02+0.2E-1.*(x01+(-1).*x03)+ ...
0.2E-1.*x04)+0.441942E1.*((x01+(-1).*x03).^2+(x02+(-1).*x04).^2) ...
.^(-1/2).*((-0.2E-1).*x02+0.2E-1.*(x01+(-1).*x03)+0.2E-1.*x04).^2, ...
0,0];

T(2,:) = [0.441942E1.*((x01+(-1).*x03).^2+(x02+(-1).*x04).^2).^(-1/2).*( ...
(-0.2E-1).*x02+0.2E-1.*(x01+(-1).*x03)+0.2E-1.*x04).^2+( ...
-0.353553E0).*((x01+(-1).*x03).^2+(x02+(-1).*x04).^2).^(-1/2).*(( ...
-0.2E-1).*x02+0.2E-1.*(x01+(-1).*x03)+0.2E-1.*x04).*((-1).*x02+ ...
x04),(-0.353553E0).*(x01+(-1).*x03).*((x01+(-1).*x03).^2+(x02+(-1) ...
.*x04).^2).^(-1/2).*((-0.2E-1).*x02+0.2E-1.*(x01+(-1).*x03)+ ...
0.2E-1.*x04)+(-0.441942E1).*((x01+(-1).*x03).^2+(x02+(-1).*x04) ...
.^2).^(-1/2).*((-0.2E-1).*x02+0.2E-1.*(x01+(-1).*x03)+0.2E-1.*x04) ...
.^2,0.441942E1.*((x01+(-1).*x03).^2+(x02+(-1).*x04).^2).^(-1/2).*( ...
(-0.2E-1).*x02+0.2E-1.*(x01+(-1).*x03)+0.2E-1.*x04).^2+( ...
-0.353553E0).*((x01+(-1).*x03).^2+(x02+(-1).*x04).^2).^(-1/2).*(( ...
-0.2E-1).*x02+0.2E-1.*(x01+(-1).*x03)+0.2E-1.*x04).*((-1).*x02+ ...
x04),(-0.353553E0).*(x01+(-1).*x03).*((x01+(-1).*x03).^2+(x02+(-1) ...
.*x04).^2).^(-1/2).*((-0.2E-1).*x02+0.2E-1.*(x01+(-1).*x03)+ ...
0.2E-1.*x04)+(-0.441942E1).*((x01+(-1).*x03).^2+(x02+(-1).*x04) ...
.^2).^(-1/2).*((-0.2E-1).*x02+0.2E-1.*(x01+(-1).*x03)+0.2E-1.*x04) ...
.^2,0,0];

T(3,:) = T(1,:);
T(4,:) = T(2,:);
T(5,:) = [0,0,0,0,0,0];
T(6,:) = [0,0,0,0,0,0];

T = 0.5*rho*T;


end