function T = Tuu3_conf1(rho,x01,x02,x03,x04,x05,x06)
T(:,:,1) = [(-0.141421E-3).*((x01+(-1).*x03).^2+(x02+(-1).*x04).^2).^(-1/2)+ ...
0.141421E-1.*(x01+(-1).*x03).*((x01+(-1).*x03).^2+(x02+(-1).*x04) ...
.^2).^(-3/2).*((-0.2E-1).*x02+0.2E-1.*(x01+(-1).*x03)+0.2E-1.*x04)+(-0.53033E0).*(x01+(-1).*x03).^2.*((x01+(-1).*x03).^2+(x02+(-1).* ...
x04).^2).^(-5/2).*((-0.2E-1).*x02+0.2E-1.*(x01+(-1).*x03)+0.2E-1.* ...
x04).^2+0.176777E0.*((x01+(-1).*x03).^2+(x02+(-1).*x04).^2).^( ...
-3/2).*((-0.2E-1).*x02+0.2E-1.*(x01+(-1).*x03)+0.2E-1.*x04).^2, ...
0.141421E-3.*((x01+(-1).*x03).^2+(x02+(-1).*x04).^2).^(-1/2)+( ...
-0.707107E-2).*(x01+(-1).*x03).*((x01+(-1).*x03).^2+(x02+(-1).* ...
x04).^2).^(-3/2).*((-0.2E-1).*x02+0.2E-1.*(x01+(-1).*x03)+0.2E-1.* ...
x04)+0.707107E-2.*((x01+(-1).*x03).^2+(x02+(-1).*x04).^2).^(-3/2) ...
.*(x02+(-1).*x04).*((-0.2E-1).*x02+0.2E-1.*(x01+(-1).*x03)+ ...
0.2E-1.*x04)+(-0.53033E0).*(x01+(-1).*x03).*((x01+(-1).*x03).^2+( ...
x02+(-1).*x04).^2).^(-5/2).*(x02+(-1).*x04).*((-0.2E-1).*x02+ ...
0.2E-1.*(x01+(-1).*x03)+0.2E-1.*x04).^2,0.141421E-3.*((x01+(-1).* ...
x03).^2+(x02+(-1).*x04).^2).^(-1/2)+(-0.141421E-1).*(x01+(-1).* ...
x03).*((x01+(-1).*x03).^2+(x02+(-1).*x04).^2).^(-3/2).*((-0.2E-1) ...
.*x02+0.2E-1.*(x01+(-1).*x03)+0.2E-1.*x04)+0.53033E0.*(x01+(-1).* ...
x03).^2.*((x01+(-1).*x03).^2+(x02+(-1).*x04).^2).^(-5/2).*(( ...
-0.2E-1).*x02+0.2E-1.*(x01+(-1).*x03)+0.2E-1.*x04).^2+( ...
-0.176777E0).*((x01+(-1).*x03).^2+(x02+(-1).*x04).^2).^(-3/2).*(( ...
-0.2E-1).*x02+0.2E-1.*(x01+(-1).*x03)+0.2E-1.*x04).^2,( ...
-0.141421E-3).*((x01+(-1).*x03).^2+(x02+(-1).*x04).^2).^(-1/2)+ ...
0.707107E-2.*(x01+(-1).*x03).*((x01+(-1).*x03).^2+(x02+(-1).*x04) ...
.^2).^(-3/2).*((-0.2E-1).*x02+0.2E-1.*(x01+(-1).*x03)+0.2E-1.*x04)+(-0.707107E-2).*((x01+(-1).*x03).^2+(x02+(-1).*x04).^2).^(-3/2).* ...
(x02+(-1).*x04).*((-0.2E-1).*x02+0.2E-1.*(x01+(-1).*x03)+0.2E-1.* ...
x04)+0.53033E0.*(x01+(-1).*x03).*((x01+(-1).*x03).^2+(x02+(-1).* ...
x04).^2).^(-5/2).*(x02+(-1).*x04).*((-0.2E-1).*x02+0.2E-1.*(x01+( ...
-1).*x03)+0.2E-1.*x04).^2,0,0;0.141421E-3.*((x01+(-1).*x03).^2+( ...
x02+(-1).*x04).^2).^(-1/2)+(-0.707107E-2).*(x01+(-1).*x03).*((x01+ ...
(-1).*x03).^2+(x02+(-1).*x04).^2).^(-3/2).*((-0.2E-1).*x02+ ...
0.2E-1.*(x01+(-1).*x03)+0.2E-1.*x04)+0.707107E-2.*((x01+(-1).*x03) ...
.^2+(x02+(-1).*x04).^2).^(-3/2).*(x02+(-1).*x04).*((-0.2E-1).*x02+ ...
0.2E-1.*(x01+(-1).*x03)+0.2E-1.*x04)+(-0.53033E0).*(x01+(-1).*x03) ...
.*((x01+(-1).*x03).^2+(x02+(-1).*x04).^2).^(-5/2).*(x02+(-1).*x04) ...
.*((-0.2E-1).*x02+0.2E-1.*(x01+(-1).*x03)+0.2E-1.*x04).^2,( ...
-0.141421E-3).*((x01+(-1).*x03).^2+(x02+(-1).*x04).^2).^(-1/2)+( ...
-0.141421E-1).*((x01+(-1).*x03).^2+(x02+(-1).*x04).^2).^(-3/2).*( ...
x02+(-1).*x04).*((-0.2E-1).*x02+0.2E-1.*(x01+(-1).*x03)+0.2E-1.* ...
x04)+0.176777E0.*((x01+(-1).*x03).^2+(x02+(-1).*x04).^2).^(-3/2).* ...
((-0.2E-1).*x02+0.2E-1.*(x01+(-1).*x03)+0.2E-1.*x04).^2+( ...
-0.53033E0).*((x01+(-1).*x03).^2+(x02+(-1).*x04).^2).^(-5/2).*( ...
x02+(-1).*x04).^2.*((-0.2E-1).*x02+0.2E-1.*(x01+(-1).*x03)+ ...
0.2E-1.*x04).^2,(-0.141421E-3).*((x01+(-1).*x03).^2+(x02+(-1).* ...
x04).^2).^(-1/2)+0.707107E-2.*(x01+(-1).*x03).*((x01+(-1).*x03) ...
.^2+(x02+(-1).*x04).^2).^(-3/2).*((-0.2E-1).*x02+0.2E-1.*(x01+(-1) ...
.*x03)+0.2E-1.*x04)+(-0.707107E-2).*((x01+(-1).*x03).^2+(x02+(-1) ...
.*x04).^2).^(-3/2).*(x02+(-1).*x04).*((-0.2E-1).*x02+0.2E-1.*(x01+ ...
(-1).*x03)+0.2E-1.*x04)+0.53033E0.*(x01+(-1).*x03).*((x01+(-1).* ...
x03).^2+(x02+(-1).*x04).^2).^(-5/2).*(x02+(-1).*x04).*((-0.2E-1).* ...
x02+0.2E-1.*(x01+(-1).*x03)+0.2E-1.*x04).^2,0.141421E-3.*((x01+( ...
-1).*x03).^2+(x02+(-1).*x04).^2).^(-1/2)+0.141421E-1.*((x01+(-1).* ...
x03).^2+(x02+(-1).*x04).^2).^(-3/2).*(x02+(-1).*x04).*((-0.2E-1).* ...
x02+0.2E-1.*(x01+(-1).*x03)+0.2E-1.*x04)+(-0.176777E0).*((x01+(-1) ...
.*x03).^2+(x02+(-1).*x04).^2).^(-3/2).*((-0.2E-1).*x02+0.2E-1.*( ...
x01+(-1).*x03)+0.2E-1.*x04).^2+0.53033E0.*((x01+(-1).*x03).^2+( ...
x02+(-1).*x04).^2).^(-5/2).*(x02+(-1).*x04).^2.*((-0.2E-1).*x02+ ...
0.2E-1.*(x01+(-1).*x03)+0.2E-1.*x04).^2,0,0;0.141421E-3.*((x01+( ...
-1).*x03).^2+(x02+(-1).*x04).^2).^(-1/2)+(-0.141421E-1).*(x01+(-1) ...
.*x03).*((x01+(-1).*x03).^2+(x02+(-1).*x04).^2).^(-3/2).*(( ...
-0.2E-1).*x02+0.2E-1.*(x01+(-1).*x03)+0.2E-1.*x04)+0.53033E0.*( ...
x01+(-1).*x03).^2.*((x01+(-1).*x03).^2+(x02+(-1).*x04).^2).^(-5/2) ...
.*((-0.2E-1).*x02+0.2E-1.*(x01+(-1).*x03)+0.2E-1.*x04).^2+( ...
-0.176777E0).*((x01+(-1).*x03).^2+(x02+(-1).*x04).^2).^(-3/2).*(( ...
-0.2E-1).*x02+0.2E-1.*(x01+(-1).*x03)+0.2E-1.*x04).^2,( ...
-0.141421E-3).*((x01+(-1).*x03).^2+(x02+(-1).*x04).^2).^(-1/2)+ ...
0.707107E-2.*(x01+(-1).*x03).*((x01+(-1).*x03).^2+(x02+(-1).*x04) ...
.^2).^(-3/2).*((-0.2E-1).*x02+0.2E-1.*(x01+(-1).*x03)+0.2E-1.*x04)+(-0.707107E-2).*((x01+(-1).*x03).^2+(x02+(-1).*x04).^2).^(-3/2).* ...
(x02+(-1).*x04).*((-0.2E-1).*x02+0.2E-1.*(x01+(-1).*x03)+0.2E-1.* ...
x04)+0.53033E0.*(x01+(-1).*x03).*((x01+(-1).*x03).^2+(x02+(-1).* ...
x04).^2).^(-5/2).*(x02+(-1).*x04).*((-0.2E-1).*x02+0.2E-1.*(x01+( ...
-1).*x03)+0.2E-1.*x04).^2,(-0.141421E-3).*((x01+(-1).*x03).^2+( ...
x02+(-1).*x04).^2).^(-1/2)+0.141421E-1.*(x01+(-1).*x03).*((x01+( ...
-1).*x03).^2+(x02+(-1).*x04).^2).^(-3/2).*((-0.2E-1).*x02+0.2E-1.* ...
(x01+(-1).*x03)+0.2E-1.*x04)+(-0.53033E0).*(x01+(-1).*x03).^2.*(( ...
x01+(-1).*x03).^2+(x02+(-1).*x04).^2).^(-5/2).*((-0.2E-1).*x02+ ...
0.2E-1.*(x01+(-1).*x03)+0.2E-1.*x04).^2+0.176777E0.*((x01+(-1).* ...
x03).^2+(x02+(-1).*x04).^2).^(-3/2).*((-0.2E-1).*x02+0.2E-1.*(x01+ ...
(-1).*x03)+0.2E-1.*x04).^2,0.141421E-3.*((x01+(-1).*x03).^2+(x02+( ...
-1).*x04).^2).^(-1/2)+(-0.707107E-2).*(x01+(-1).*x03).*((x01+(-1) ...
.*x03).^2+(x02+(-1).*x04).^2).^(-3/2).*((-0.2E-1).*x02+0.2E-1.*( ...
x01+(-1).*x03)+0.2E-1.*x04)+0.707107E-2.*((x01+(-1).*x03).^2+(x02+ ...
(-1).*x04).^2).^(-3/2).*(x02+(-1).*x04).*((-0.2E-1).*x02+0.2E-1.*( ...
x01+(-1).*x03)+0.2E-1.*x04)+(-0.53033E0).*(x01+(-1).*x03).*((x01+( ...
-1).*x03).^2+(x02+(-1).*x04).^2).^(-5/2).*(x02+(-1).*x04).*(( ...
-0.2E-1).*x02+0.2E-1.*(x01+(-1).*x03)+0.2E-1.*x04).^2,0,0;( ...
-0.141421E-3).*((x01+(-1).*x03).^2+(x02+(-1).*x04).^2).^(-1/2)+ ...
0.707107E-2.*(x01+(-1).*x03).*((x01+(-1).*x03).^2+(x02+(-1).*x04) ...
.^2).^(-3/2).*((-0.2E-1).*x02+0.2E-1.*(x01+(-1).*x03)+0.2E-1.*x04)+(-0.707107E-2).*((x01+(-1).*x03).^2+(x02+(-1).*x04).^2).^(-3/2).* ...
(x02+(-1).*x04).*((-0.2E-1).*x02+0.2E-1.*(x01+(-1).*x03)+0.2E-1.* ...
x04)+0.53033E0.*(x01+(-1).*x03).*((x01+(-1).*x03).^2+(x02+(-1).* ...
x04).^2).^(-5/2).*(x02+(-1).*x04).*((-0.2E-1).*x02+0.2E-1.*(x01+( ...
-1).*x03)+0.2E-1.*x04).^2,0.141421E-3.*((x01+(-1).*x03).^2+(x02+( ...
-1).*x04).^2).^(-1/2)+0.141421E-1.*((x01+(-1).*x03).^2+(x02+(-1).* ...
x04).^2).^(-3/2).*(x02+(-1).*x04).*((-0.2E-1).*x02+0.2E-1.*(x01+( ...
-1).*x03)+0.2E-1.*x04)+(-0.176777E0).*((x01+(-1).*x03).^2+(x02+( ...
-1).*x04).^2).^(-3/2).*((-0.2E-1).*x02+0.2E-1.*(x01+(-1).*x03)+ ...
0.2E-1.*x04).^2+0.53033E0.*((x01+(-1).*x03).^2+(x02+(-1).*x04).^2) ...
.^(-5/2).*(x02+(-1).*x04).^2.*((-0.2E-1).*x02+0.2E-1.*(x01+(-1).* ...
x03)+0.2E-1.*x04).^2,0.141421E-3.*((x01+(-1).*x03).^2+(x02+(-1).* ...
x04).^2).^(-1/2)+(-0.707107E-2).*(x01+(-1).*x03).*((x01+(-1).*x03) ...
.^2+(x02+(-1).*x04).^2).^(-3/2).*((-0.2E-1).*x02+0.2E-1.*(x01+(-1) ...
.*x03)+0.2E-1.*x04)+0.707107E-2.*((x01+(-1).*x03).^2+(x02+(-1).* ...
x04).^2).^(-3/2).*(x02+(-1).*x04).*((-0.2E-1).*x02+0.2E-1.*(x01+( ...
-1).*x03)+0.2E-1.*x04)+(-0.53033E0).*(x01+(-1).*x03).*((x01+(-1).* ...
x03).^2+(x02+(-1).*x04).^2).^(-5/2).*(x02+(-1).*x04).*((-0.2E-1).* ...
x02+0.2E-1.*(x01+(-1).*x03)+0.2E-1.*x04).^2,(-0.141421E-3).*((x01+ ...
(-1).*x03).^2+(x02+(-1).*x04).^2).^(-1/2)+(-0.141421E-1).*((x01+( ...
-1).*x03).^2+(x02+(-1).*x04).^2).^(-3/2).*(x02+(-1).*x04).*(( ...
-0.2E-1).*x02+0.2E-1.*(x01+(-1).*x03)+0.2E-1.*x04)+0.176777E0.*(( ...
x01+(-1).*x03).^2+(x02+(-1).*x04).^2).^(-3/2).*((-0.2E-1).*x02+ ...
0.2E-1.*(x01+(-1).*x03)+0.2E-1.*x04).^2+(-0.53033E0).*((x01+(-1).* ...
