function T = Tuudot3_conf2(rho,x01,x02,x03,x04,x05,x06)
T(:,:,1) = zeros(6,6);
T(:,:,2) = zeros(6,6);

T(:,:,3) = [0,0,0,0,0,0;0,0,0,0,0,0;0,0,(-0.176777E0).*(( ...
x03+(-1).*x05).^2+(x04+(-1).*x06).^2).^(-1/2).*((-0.2E-1).*x04+ ...
0.2E-1.*(x03+(-1).*x05)+0.2E-1.*x06)+0.441942E1.*(x03+(-1).*x05).* ...
((x03+(-1).*x05).^2+(x04+(-1).*x06).^2).^(-3/2).*((-0.2E-1).*x04+ ...
0.2E-1.*(x03+(-1).*x05)+0.2E-1.*x06).^2+(-0.707107E-2).*((x03+(-1) ...
.*x05).^2+(x04+(-1).*x06).^2).^(-1/2).*((-1).*x04+x06)+ ...
0.353553E0.*(x03+(-1).*x05).*((x03+(-1).*x05).^2+(x04+(-1).*x06) ...
.^2).^(-3/2).*((-0.2E-1).*x04+0.2E-1.*(x03+(-1).*x05)+0.2E-1.*x06) ...
.*((-1).*x04+x06),(-0.707107E-2).*(x03+(-1).*x05).*((x03+(-1).* ...
x05).^2+(x04+(-1).*x06).^2).^(-1/2)+0.353553E0.*(x03+(-1).*x05) ...
.^2.*((x03+(-1).*x05).^2+(x04+(-1).*x06).^2).^(-3/2).*((-0.2E-1).* ...
x04+0.2E-1.*(x03+(-1).*x05)+0.2E-1.*x06)+(-0.176777E0).*((x03+(-1) ...
.*x05).^2+(x04+(-1).*x06).^2).^(-1/2).*((-0.2E-1).*x04+0.2E-1.*( ...
x03+(-1).*x05)+0.2E-1.*x06)+(-0.441942E1).*(x03+(-1).*x05).*((x03+ ...
(-1).*x05).^2+(x04+(-1).*x06).^2).^(-3/2).*((-0.2E-1).*x04+ ...
0.2E-1.*(x03+(-1).*x05)+0.2E-1.*x06).^2,(-0.176777E0).*((x03+(-1) ...
.*x05).^2+(x04+(-1).*x06).^2).^(-1/2).*((-0.2E-1).*x04+0.2E-1.*( ...
x03+(-1).*x05)+0.2E-1.*x06)+0.441942E1.*(x03+(-1).*x05).*((x03+( ...
-1).*x05).^2+(x04+(-1).*x06).^2).^(-3/2).*((-0.2E-1).*x04+0.2E-1.* ...
(x03+(-1).*x05)+0.2E-1.*x06).^2+(-0.707107E-2).*((x03+(-1).*x05) ...
.^2+(x04+(-1).*x06).^2).^(-1/2).*((-1).*x04+x06)+0.353553E0.*(x03+ ...
(-1).*x05).*((x03+(-1).*x05).^2+(x04+(-1).*x06).^2).^(-3/2).*(( ...
-0.2E-1).*x04+0.2E-1.*(x03+(-1).*x05)+0.2E-1.*x06).*((-1).*x04+ ...
x06),(-0.707107E-2).*(x03+(-1).*x05).*((x03+(-1).*x05).^2+(x04+( ...
-1).*x06).^2).^(-1/2)+0.353553E0.*(x03+(-1).*x05).^2.*((x03+(-1).* ...
x05).^2+(x04+(-1).*x06).^2).^(-3/2).*((-0.2E-1).*x04+0.2E-1.*(x03+ ...
(-1).*x05)+0.2E-1.*x06)+(-0.176777E0).*((x03+(-1).*x05).^2+(x04+( ...
-1).*x06).^2).^(-1/2).*((-0.2E-1).*x04+0.2E-1.*(x03+(-1).*x05)+ ...
0.2E-1.*x06)+(-0.441942E1).*(x03+(-1).*x05).*((x03+(-1).*x05).^2+( ...
x04+(-1).*x06).^2).^(-3/2).*((-0.2E-1).*x04+0.2E-1.*(x03+(-1).* ...
x05)+0.2E-1.*x06).^2;0,0,0.53033E0.*((x03+(-1).*x05).^2+(x04+(-1) ...
.*x06).^2).^(-1/2).*((-0.2E-1).*x04+0.2E-1.*(x03+(-1).*x05)+ ...
0.2E-1.*x06)+0.441942E1.*((x03+(-1).*x05).^2+(x04+(-1).*x06).^2) ...
.^(-3/2).*(x04+(-1).*x06).*((-0.2E-1).*x04+0.2E-1.*(x03+(-1).*x05)+0.2E-1.*x06).^2+0.707107E-2.*((x03+(-1).*x05).^2+(x04+(-1).*x06) ...
.^2).^(-1/2).*((-1).*x04+x06)+0.353553E0.*((x03+(-1).*x05).^2+( ...
x04+(-1).*x06).^2).^(-3/2).*(x04+(-1).*x06).*((-0.2E-1).*x04+ ...
0.2E-1.*(x03+(-1).*x05)+0.2E-1.*x06).*((-1).*x04+x06), ...
0.707107E-2.*(x03+(-1).*x05).*((x03+(-1).*x05).^2+(x04+(-1).*x06) ...
.^2).^(-1/2)+(-0.176777E0).*((x03+(-1).*x05).^2+(x04+(-1).*x06) ...
.^2).^(-1/2).*((-0.2E-1).*x04+0.2E-1.*(x03+(-1).*x05)+0.2E-1.*x06)+0.353553E0.*(x03+(-1).*x05).*((x03+(-1).*x05).^2+(x04+(-1).*x06) ...
.^2).^(-3/2).*(x04+(-1).*x06).*((-0.2E-1).*x04+0.2E-1.*(x03+(-1).* ...
x05)+0.2E-1.*x06)+(-0.441942E1).*((x03+(-1).*x05).^2+(x04+(-1).* ...
x06).^2).^(-3/2).*(x04+(-1).*x06).*((-0.2E-1).*x04+0.2E-1.*(x03+( ...
-1).*x05)+0.2E-1.*x06).^2,0.53033E0.*((x03+(-1).*x05).^2+(x04+(-1) ...
.*x06).^2).^(-1/2).*((-0.2E-1).*x04+0.2E-1.*(x03+(-1).*x05)+ ...
0.2E-1.*x06)+0.441942E1.*((x03+(-1).*x05).^2+(x04+(-1).*x06).^2) ...
.^(-3/2).*(x04+(-1).*x06).*((-0.2E-1).*x04+0.2E-1.*(x03+(-1).*x05)+0.2E-1.*x06).^2+0.707107E-2.*((x03+(-1).*x05).^2+(x04+(-1).*x06) ...
.^2).^(-1/2).*((-1).*x04+x06)+0.353553E0.*((x03+(-1).*x05).^2+( ...
x04+(-1).*x06).^2).^(-3/2).*(x04+(-1).*x06).*((-0.2E-1).*x04+ ...
0.2E-1.*(x03+(-1).*x05)+0.2E-1.*x06).*((-1).*x04+x06), ...
0.707107E-2.*(x03+(-1).*x05).*((x03+(-1).*x05).^2+(x04+(-1).*x06) ...
.^2).^(-1/2)+(-0.176777E0).*((x03+(-1).*x05).^2+(x04+(-1).*x06) ...
.^2).^(-1/2).*((-0.2E-1).*x04+0.2E-1.*(x03+(-1).*x05)+0.2E-1.*x06)+0.353553E0.*(x03+(-1).*x05).*((x03+(-1).*x05).^2+(x04+(-1).*x06) ...
.^2).^(-3/2).*(x04+(-1).*x06).*((-0.2E-1).*x04+0.2E-1.*(x03+(-1).* ...
x05)+0.2E-1.*x06)+(-0.441942E1).*((x03+(-1).*x05).^2+(x04+(-1).* ...
x06).^2).^(-3/2).*(x04+(-1).*x06).*((-0.2E-1).*x04+0.2E-1.*(x03+( ...
-1).*x05)+0.2E-1.*x06).^2;0,0,0.176777E0.*((x03+(-1).*x05).^2+( ...
x04+(-1).*x06).^2).^(-1/2).*((-0.2E-1).*x04+0.2E-1.*(x03+(-1).* ...
x05)+0.2E-1.*x06)+(-0.441942E1).*(x03+(-1).*x05).*((x03+(-1).*x05) ...
.^2+(x04+(-1).*x06).^2).^(-3/2).*((-0.2E-1).*x04+0.2E-1.*(x03+(-1) ...
.*x05)+0.2E-1.*x06).^2+0.707107E-2.*((x03+(-1).*x05).^2+(x04+(-1) ...
.*x06).^2).^(-1/2).*((-1).*x04+x06)+(-0.353553E0).*(x03+(-1).*x05) ...
.*((x03+(-1).*x05).^2+(x04+(-1).*x06).^2).^(-3/2).*((-0.2E-1).* ...
x04+0.2E-1.*(x03+(-1).*x05)+0.2E-1.*x06).*((-1).*x04+x06), ...
0.707107E-2.*(x03+(-1).*x05).*((x03+(-1).*x05).^2+(x04+(-1).*x06) ...
.^2).^(-1/2)+(-0.353553E0).*(x03+(-1).*x05).^2.*((x03+(-1).*x05) ...
.^2+(x04+(-1).*x06).^2).^(-3/2).*((-0.2E-1).*x04+0.2E-1.*(x03+(-1) ...
.*x05)+0.2E-1.*x06)+0.176777E0.*((x03+(-1).*x05).^2+(x04+(-1).* ...
x06).^2).^(-1/2).*((-0.2E-1).*x04+0.2E-1.*(x03+(-1).*x05)+0.2E-1.* ...
x06)+0.441942E1.*(x03+(-1).*x05).*((x03+(-1).*x05).^2+(x04+(-1).* ...
x06).^2).^(-3/2).*((-0.2E-1).*x04+0.2E-1.*(x03+(-1).*x05)+0.2E-1.* ...
x06).^2,0.176777E0.*((x03+(-1).*x05).^2+(x04+(-1).*x06).^2).^( ...
-1/2).*((-0.2E-1).*x04+0.2E-1.*(x03+(-1).*x05)+0.2E-1.*x06)+( ...
-0.441942E1).*(x03+(-1).*x05).*((x03+(-1).*x05).^2+(x04+(-1).*x06) ...
.^2).^(-3/2).*((-0.2E-1).*x04+0.2E-1.*(x03+(-1).*x05)+0.2E-1.*x06) ...
.^2+0.707107E-2.*((x03+(-1).*x05).^2+(x04+(-1).*x06).^2).^(-1/2).* ...
((-1).*x04+x06)+(-0.353553E0).*(x03+(-1).*x05).*((x03+(-1).*x05) ...
.^2+(x04+(-1).*x06).^2).^(-3/2).*((-0.2E-1).*x04+0.2E-1.*(x03+(-1) ...
.*x05)+0.2E-1.*x06).*((-1).*x04+x06),0.707107E-2.*(x03+(-1).*x05) ...
.*((x03+(-1).*x05).^2+(x04+(-1).*x06).^2).^(-1/2)+(-0.353553E0).*( ...
x03+(-1).*x05).^2.*((x03+(-1).*x05).^2+(x04+(-1).*x06).^2).^(-3/2) ...
.*((-0.2E-1).*x04+0.2E-1.*(x03+(-1).*x05)+0.2E-1.*x06)+ ...
0.176777E0.*((x03+(-1).*x05).^2+(x04+(-1).*x06).^2).^(-1/2).*(( ...
-0.2E-1).*x04+0.2E-1.*(x03+(-1).*x05)+0.2E-1.*x06)+0.441942E1.*( ...
x03+(-1).*x05).*((x03+(-1).*x05).^2+(x04+(-1).*x06).^2).^(-3/2).*( ...
(-0.2E-1).*x04+0.2E-1.*(x03+(-1).*x05)+0.2E-1.*x06).^2;0,0,( ...
-0.53033E0).*((x03+(-1).*x05).^2+(x04+(-1).*x06).^2).^(-1/2).*(( ...
-0.2E-1).*x04+0.2E-1.*(x03+(-1).*x05)+0.2E-1.*x06)+(-0.441942E1).* ...
((x03+(-1).*x05).^2+(x04+(-1).*x06).^2).^(-3/2).*(x04+(-1).*x06).* ...
((-0.2E-1).*x04+0.2E-1.*(x03+(-1).*x05)+0.2E-1.*x06).^2+( ...
-0.707107E-2).*((x03+(-1).*x05).^2+(x04+(-1).*x06).^2).^(-1/2).*(( ...
-1).*x04+x06)+(-0.353553E0).*((x03+(-1).*x05).^2+(x04+(-1).*x06) ...
.^2).^(-3/2).*(x04+(-1).*x06).*((-0.2E-1).*x04+0.2E-1.*(x03+(-1).* ...
x05)+0.2E-1.*x06).*((-1).*x04+x06),(-0.707107E-2).*(x03+(-1).*x05) ...
.*((x03+(-1).*x05).^2+(x04+(-1).*x06).^2).^(-1/2)+0.176777E0.*(( ...
x03+(-1).*x05).^2+(x04+(-1).*x06).^2).^(-1/2).*((-0.2E-1).*x04+ ...
0.2E-1.*(x03+(-1).*x05)+0.2E-1.*x06)+(-0.353553E0).*(x03+(-1).* ...
x05).*((x03+(-1).*x05).^2+(x04+(-1).*x06).^2).^(-3/2).*(x04+(-1).* ...
x06).*((-0.2E-1).*x04+0.2E-1.*(x03+(-1).*x05)+0.2E-1.*x06)+ ...
0.441942E1.*((x03+(-1).*x05).^2+(x04+(-1).*x06).^2).^(-3/2).*(x04+ ...
(-1).*x06).*((-0.2E-1).*x04+0.2E-1.*(x03+(-1).*x05)+0.2E-1.*x06) ...
.^2,(-0.53033E0).*((x03+(-1).*x05).^2+(x04+(-1).*x06).^2).^(-1/2) ...
.*((-0.2E-1).*x04+0.2E-1.*(x03+(-1).*x05)+0.2E-1.*x06)+( ...
-0.441942E1).*((x03+(-1).*x05).^2+(x04+(-1).*x06).^2).^(-3/2).*( ...
x04+(-1).*x06).*((-0.2E-1).*x04+0.2E-1.*(x03+(-1).*x05)+0.2E-1.* ...
x06).^2+(-0.707107E-2).*((x03+(-1).*x05).^2+(x04+(-1).*x06).^2).^( ...
-1/2).*((-1).*x04+x06)+(-0.353553E0).*((x03+(-1).*x05).^2+(x04+( ...
-1).*x06).^2).^(-3/2).*(x04+(-1).*x06).*((-0.2E-1).*x04+0.2E-1.*( ...
x03+(-1).*x05)+0.2E-1.*x06).*((-1).*x04+x06),(-0.707107E-2).*(x03+ ...
(-1).*x05).*((x03+(-1).*x05).^2+(x04+(-1).*x06).^2).^(-1/2)+ ...
0.176777E0.*((x03+(-1).*x05).^2+(x04+(-1).*x06).^2).^(-1/2).*(( ...
