function T = T1_TET4_conf3(rho,x01,x02,x03,x04,x05,x06,x07,x08,x09,x010,x011,x012)

T = [(-1).*rho.*((-1).*x012.*x08+x03.*((-1).*x011+x08)+x02.*(x012+(-1) ...
.*x09)+x011.*x09).^2.*(((-1).*x011.*x07+x02.*((-1).*x010+x07)+ ...
x01.*(x011+(-1).*x08)+x010.*x08).^2+((-1).*x012.*x07+x03.*((-1).* ...
x010+x07)+x01.*(x012+(-1).*x09)+x010.*x09).^2+((-1).*x012.*x08+ ...
x03.*((-1).*x011+x08)+x02.*(x012+(-1).*x09)+x011.*x09).^2).^(-1/2) ...
,0,0,(-1).*rho.*((-1).*x012.*x08+x03.*((-1).*x011+x08)+x02.*(x012+ ...
(-1).*x09)+x011.*x09).^2.*(((-1).*x011.*x07+x02.*((-1).*x010+x07)+ ...
x01.*(x011+(-1).*x08)+x010.*x08).^2+((-1).*x012.*x07+x03.*((-1).* ...
x010+x07)+x01.*(x012+(-1).*x09)+x010.*x09).^2+((-1).*x012.*x08+ ...
x03.*((-1).*x011+x08)+x02.*(x012+(-1).*x09)+x011.*x09).^2).^(-1/2) ...
,0,0,(-1).*rho.*((-1).*x012.*x08+x03.*((-1).*x011+x08)+x02.*(x012+ ...
(-1).*x09)+x011.*x09).^2.*(((-1).*x011.*x07+x02.*((-1).*x010+x07)+ ...
x01.*(x011+(-1).*x08)+x010.*x08).^2+((-1).*x012.*x07+x03.*((-1).* ...
x010+x07)+x01.*(x012+(-1).*x09)+x010.*x09).^2+((-1).*x012.*x08+ ...
x03.*((-1).*x011+x08)+x02.*(x012+(-1).*x09)+x011.*x09).^2).^(-1/2) ...
,0,0,(-1).*rho.*((-1).*x012.*x08+x03.*((-1).*x011+x08)+x02.*(x012+ ...
(-1).*x09)+x011.*x09).^2.*(((-1).*x011.*x07+x02.*((-1).*x010+x07)+ ...
x01.*(x011+(-1).*x08)+x010.*x08).^2+((-1).*x012.*x07+x03.*((-1).* ...
x010+x07)+x01.*(x012+(-1).*x09)+x010.*x09).^2+((-1).*x012.*x08+ ...
x03.*((-1).*x011+x08)+x02.*(x012+(-1).*x09)+x011.*x09).^2).^(-1/2) ...
,0,0].';


end
