function T = T1_TET4_conf1(rho,x01,x02,x03,x04,x05,x06,x07,x08,x09,x010,x011,x012)

T = [(-1).*rho.*(x03.*(x05+(-1).*x08)+x06.*x08+(-1).*x05.*x09+x02.*(( ...
  -1).*x06+x09)).^2.*((x02.*(x04+(-1).*x07)+x05.*x07+(-1).*x04.*x08+ ...
x01.*((-1).*x05+x08)).^2+(x03.*(x04+(-1).*x07)+x06.*x07+(-1).* ...
x04.*x09+x01.*((-1).*x06+x09)).^2+(x03.*(x05+(-1).*x08)+x06.*x08+( ...
-1).*x05.*x09+x02.*((-1).*x06+x09)).^2).^(-1/2),0,0,(-1).*rho.*( ...
x03.*(x05+(-1).*x08)+x06.*x08+(-1).*x05.*x09+x02.*((-1).*x06+x09)) ...
.^2.*((x02.*(x04+(-1).*x07)+x05.*x07+(-1).*x04.*x08+x01.*((-1).* ...
x05+x08)).^2+(x03.*(x04+(-1).*x07)+x06.*x07+(-1).*x04.*x09+x01.*(( ...
-1).*x06+x09)).^2+(x03.*(x05+(-1).*x08)+x06.*x08+(-1).*x05.*x09+ ...
x02.*((-1).*x06+x09)).^2).^(-1/2),0,0,(-1).*rho.*(x03.*(x05+(-1).* ...
x08)+x06.*x08+(-1).*x05.*x09+x02.*((-1).*x06+x09)).^2.*((x02.*( ...
x04+(-1).*x07)+x05.*x07+(-1).*x04.*x08+x01.*((-1).*x05+x08)).^2+( ...
x03.*(x04+(-1).*x07)+x06.*x07+(-1).*x04.*x09+x01.*((-1).*x06+x09)) ...
.^2+(x03.*(x05+(-1).*x08)+x06.*x08+(-1).*x05.*x09+x02.*((-1).*x06+ ...
x09)).^2).^(-1/2),0,0,(-1).*rho.*(x03.*(x05+(-1).*x08)+x06.*x08+( ...
-1).*x05.*x09+x02.*((-1).*x06+x09)).^2.*((x02.*(x04+(-1).*x07)+ ...
x05.*x07+(-1).*x04.*x08+x01.*((-1).*x05+x08)).^2+(x03.*(x04+(-1).* ...
x07)+x06.*x07+(-1).*x04.*x09+x01.*((-1).*x06+x09)).^2+(x03.*(x05+( ...
-1).*x08)+x06.*x08+(-1).*x05.*x09+x02.*((-1).*x06+x09)).^2).^( ...
-1/2),0,0].';

end
