function T = T1_TET4_conf4(rho,x01,x02,x03,x04,x05,x06,x07,x08,x09,x010,x011,x012)

T = [(-1).*rho.*((-1).*x012.*x05+x03.*((-1).*x011+x05)+x02.*(x012+(-1) ...
.*x06)+x011.*x06).^2.*(((-1).*x011.*x04+x02.*((-1).*x010+x04)+ ...
x01.*(x011+(-1).*x05)+x010.*x05).^2+((-1).*x012.*x04+x03.*((-1).* ...
x010+x04)+x01.*(x012+(-1).*x06)+x010.*x06).^2+((-1).*x012.*x05+ ...
x03.*((-1).*x011+x05)+x02.*(x012+(-1).*x06)+x011.*x06).^2).^(-1/2) ...
,0,0,(-1).*rho.*((-1).*x012.*x05+x03.*((-1).*x011+x05)+x02.*(x012+ ...
(-1).*x06)+x011.*x06).^2.*(((-1).*x011.*x04+x02.*((-1).*x010+x04)+ ...
x01.*(x011+(-1).*x05)+x010.*x05).^2+((-1).*x012.*x04+x03.*((-1).* ...
x010+x04)+x01.*(x012+(-1).*x06)+x010.*x06).^2+((-1).*x012.*x05+ ...
x03.*((-1).*x011+x05)+x02.*(x012+(-1).*x06)+x011.*x06).^2).^(-1/2) ...
,0,0,(-1).*rho.*((-1).*x012.*x05+x03.*((-1).*x011+x05)+x02.*(x012+ ...
(-1).*x06)+x011.*x06).^2.*(((-1).*x011.*x04+x02.*((-1).*x010+x04)+ ...
x01.*(x011+(-1).*x05)+x010.*x05).^2+((-1).*x012.*x04+x03.*((-1).* ...
x010+x04)+x01.*(x012+(-1).*x06)+x010.*x06).^2+((-1).*x012.*x05+ ...
x03.*((-1).*x011+x05)+x02.*(x012+(-1).*x06)+x011.*x06).^2).^(-1/2) ...
,0,0,(-1).*rho.*((-1).*x012.*x05+x03.*((-1).*x011+x05)+x02.*(x012+ ...
(-1).*x06)+x011.*x06).^2.*(((-1).*x011.*x04+x02.*((-1).*x010+x04)+ ...
x01.*(x011+(-1).*x05)+x010.*x05).^2+((-1).*x012.*x04+x03.*((-1).* ...
x010+x04)+x01.*(x012+(-1).*x06)+x010.*x06).^2+((-1).*x012.*x05+ ...
x03.*((-1).*x011+x05)+x02.*(x012+(-1).*x06)+x011.*x06).^2).^(-1/2) ...
,0,0].';


end
