function T = T2_TET4_conf2(rho,x01,x02,x03,x04,x05,x06,x07,x08,x09,x010,x011,x012)

T(1,:) = [0,0,0,(1/2).*rho.*((-1).*x012.*x08+x06.*((-1).*x011+x08)+x05.*( ...
x012+(-1).*x09)+x011.*x09).^2.*(2.*(x011+(-1).*x08).*((-1).*x011.* ...
x07+x05.*((-1).*x010+x07)+x04.*(x011+(-1).*x08)+x010.*x08)+2.*( ...
x012+(-1).*x09).*((-1).*x012.*x07+x06.*((-1).*x010+x07)+x04.*( ...
x012+(-1).*x09)+x010.*x09)).*(((-1).*x011.*x07+x05.*((-1).*x010+ ...
x07)+x04.*(x011+(-1).*x08)+x010.*x08).^2+((-1).*x012.*x07+x06.*(( ...
-1).*x010+x07)+x04.*(x012+(-1).*x09)+x010.*x09).^2+((-1).*x012.* ...
x08+x06.*((-1).*x011+x08)+x05.*(x012+(-1).*x09)+x011.*x09).^2).^( ...
-3/2),(1/2).*rho.*((-1).*x012.*x08+x06.*((-1).*x011+x08)+x05.*( ...
x012+(-1).*x09)+x011.*x09).^2.*(2.*((-1).*x010+x07).*((-1).*x011.* ...
x07+x05.*((-1).*x010+x07)+x04.*(x011+(-1).*x08)+x010.*x08)+2.*( ...
x012+(-1).*x09).*((-1).*x012.*x08+x06.*((-1).*x011+x08)+x05.*( ...
x012+(-1).*x09)+x011.*x09)).*(((-1).*x011.*x07+x05.*((-1).*x010+ ...
x07)+x04.*(x011+(-1).*x08)+x010.*x08).^2+((-1).*x012.*x07+x06.*(( ...
-1).*x010+x07)+x04.*(x012+(-1).*x09)+x010.*x09).^2+((-1).*x012.* ...
x08+x06.*((-1).*x011+x08)+x05.*(x012+(-1).*x09)+x011.*x09).^2).^( ...
-3/2)+(-2).*rho.*(x012+(-1).*x09).*((-1).*x012.*x08+x06.*((-1).* ...
x011+x08)+x05.*(x012+(-1).*x09)+x011.*x09).*(((-1).*x011.*x07+ ...
x05.*((-1).*x010+x07)+x04.*(x011+(-1).*x08)+x010.*x08).^2+((-1).* ...
x012.*x07+x06.*((-1).*x010+x07)+x04.*(x012+(-1).*x09)+x010.*x09) ...
.^2+((-1).*x012.*x08+x06.*((-1).*x011+x08)+x05.*(x012+(-1).*x09)+ ...
x011.*x09).^2).^(-1/2),(1/2).*rho.*((-1).*x012.*x08+x06.*((-1).* ...
x011+x08)+x05.*(x012+(-1).*x09)+x011.*x09).^2.*(2.*((-1).*x010+ ...
x07).*((-1).*x012.*x07+x06.*((-1).*x010+x07)+x04.*(x012+(-1).*x09)+x010.*x09)+2.*((-1).*x011+x08).*((-1).*x012.*x08+x06.*((-1).* ...
x011+x08)+x05.*(x012+(-1).*x09)+x011.*x09)).*(((-1).*x011.*x07+ ...
x05.*((-1).*x010+x07)+x04.*(x011+(-1).*x08)+x010.*x08).^2+((-1).* ...
x012.*x07+x06.*((-1).*x010+x07)+x04.*(x012+(-1).*x09)+x010.*x09) ...
.^2+((-1).*x012.*x08+x06.*((-1).*x011+x08)+x05.*(x012+(-1).*x09)+ ...
x011.*x09).^2).^(-3/2)+(-2).*rho.*((-1).*x011+x08).*((-1).*x012.* ...
x08+x06.*((-1).*x011+x08)+x05.*(x012+(-1).*x09)+x011.*x09).*(((-1) ...
.*x011.*x07+x05.*((-1).*x010+x07)+x04.*(x011+(-1).*x08)+x010.*x08) ...
.^2+((-1).*x012.*x07+x06.*((-1).*x010+x07)+x04.*(x012+(-1).*x09)+ ...
x010.*x09).^2+((-1).*x012.*x08+x06.*((-1).*x011+x08)+x05.*(x012+( ...
-1).*x09)+x011.*x09).^2).^(-1/2),(1/2).*rho.*((-1).*x012.*x08+ ...
x06.*((-1).*x011+x08)+x05.*(x012+(-1).*x09)+x011.*x09).^2.*(2.*(( ...
-1).*x011+x05).*((-1).*x011.*x07+x05.*((-1).*x010+x07)+x04.*(x011+ ...
(-1).*x08)+x010.*x08)+2.*((-1).*x012+x06).*((-1).*x012.*x07+x06.*( ...
(-1).*x010+x07)+x04.*(x012+(-1).*x09)+x010.*x09)).*(((-1).*x011.* ...
x07+x05.*((-1).*x010+x07)+x04.*(x011+(-1).*x08)+x010.*x08).^2+(( ...
-1).*x012.*x07+x06.*((-1).*x010+x07)+x04.*(x012+(-1).*x09)+x010.* ...
x09).^2+((-1).*x012.*x08+x06.*((-1).*x011+x08)+x05.*(x012+(-1).* ...
x09)+x011.*x09).^2).^(-3/2),(1/2).*rho.*((-1).*x012.*x08+x06.*(( ...
-1).*x011+x08)+x05.*(x012+(-1).*x09)+x011.*x09).^2.*(2.*(x010+(-1) ...
.*x04).*((-1).*x011.*x07+x05.*((-1).*x010+x07)+x04.*(x011+(-1).* ...
x08)+x010.*x08)+2.*((-1).*x012+x06).*((-1).*x012.*x08+x06.*((-1).* ...
x011+x08)+x05.*(x012+(-1).*x09)+x011.*x09)).*(((-1).*x011.*x07+ ...
x05.*((-1).*x010+x07)+x04.*(x011+(-1).*x08)+x010.*x08).^2+((-1).* ...
x012.*x07+x06.*((-1).*x010+x07)+x04.*(x012+(-1).*x09)+x010.*x09) ...
.^2+((-1).*x012.*x08+x06.*((-1).*x011+x08)+x05.*(x012+(-1).*x09)+ ...
x011.*x09).^2).^(-3/2)+(-2).*rho.*((-1).*x012+x06).*((-1).*x012.* ...
x08+x06.*((-1).*x011+x08)+x05.*(x012+(-1).*x09)+x011.*x09).*(((-1) ...
.*x011.*x07+x05.*((-1).*x010+x07)+x04.*(x011+(-1).*x08)+x010.*x08) ...
.^2+((-1).*x012.*x07+x06.*((-1).*x010+x07)+x04.*(x012+(-1).*x09)+ ...
x010.*x09).^2+((-1).*x012.*x08+x06.*((-1).*x011+x08)+x05.*(x012+( ...
-1).*x09)+x011.*x09).^2).^(-1/2),(1/2).*rho.*((-1).*x012.*x08+ ...
x06.*((-1).*x011+x08)+x05.*(x012+(-1).*x09)+x011.*x09).^2.*(2.*( ...
x010+(-1).*x04).*((-1).*x012.*x07+x06.*((-1).*x010+x07)+x04.*( ...
x012+(-1).*x09)+x010.*x09)+2.*(x011+(-1).*x05).*((-1).*x012.*x08+ ...
x06.*((-1).*x011+x08)+x05.*(x012+(-1).*x09)+x011.*x09)).*(((-1).* ...
x011.*x07+x05.*((-1).*x010+x07)+x04.*(x011+(-1).*x08)+x010.*x08) ...
.^2+((-1).*x012.*x07+x06.*((-1).*x010+x07)+x04.*(x012+(-1).*x09)+ ...
x010.*x09).^2+((-1).*x012.*x08+x06.*((-1).*x011+x08)+x05.*(x012+( ...
-1).*x09)+x011.*x09).^2).^(-3/2)+(-2).*rho.*(x011+(-1).*x05).*(( ...
-1).*x012.*x08+x06.*((-1).*x011+x08)+x05.*(x012+(-1).*x09)+x011.* ...
x09).*(((-1).*x011.*x07+x05.*((-1).*x010+x07)+x04.*(x011+(-1).* ...
x08)+x010.*x08).^2+((-1).*x012.*x07+x06.*((-1).*x010+x07)+x04.*( ...
x012+(-1).*x09)+x010.*x09).^2+((-1).*x012.*x08+x06.*((-1).*x011+ ...
x08)+x05.*(x012+(-1).*x09)+x011.*x09).^2).^(-1/2),(1/2).*rho.*(( ...
-1).*x012.*x08+x06.*((-1).*x011+x08)+x05.*(x012+(-1).*x09)+x011.* ...
x09).^2.*(2.*((-1).*x05+x08).*((-1).*x011.*x07+x05.*((-1).*x010+ ...
x07)+x04.*(x011+(-1).*x08)+x010.*x08)+2.*((-1).*x06+x09).*((-1).* ...
x012.*x07+x06.*((-1).*x010+x07)+x04.*(x012+(-1).*x09)+x010.*x09)) ...
.*(((-1).*x011.*x07+x05.*((-1).*x010+x07)+x04.*(x011+(-1).*x08)+ ...
x010.*x08).^2+((-1).*x012.*x07+x06.*((-1).*x010+x07)+x04.*(x012+( ...
-1).*x09)+x010.*x09).^2+((-1).*x012.*x08+x06.*((-1).*x011+x08)+ ...
x05.*(x012+(-1).*x09)+x011.*x09).^2).^(-3/2),(1/2).*rho.*((-1).* ...
x012.*x08+x06.*((-1).*x011+x08)+x05.*(x012+(-1).*x09)+x011.*x09) ...
.^2.*(2.*(x04+(-1).*x07).*((-1).*x011.*x07+x05.*((-1).*x010+x07)+ ...
x04.*(x011+(-1).*x08)+x010.*x08)+2.*((-1).*x06+x09).*((-1).*x012.* ...
x08+x06.*((-1).*x011+x08)+x05.*(x012+(-1).*x09)+x011.*x09)).*((( ...
-1).*x011.*x07+x05.*((-1).*x010+x07)+x04.*(x011+(-1).*x08)+x010.* ...
x08).^2+((-1).*x012.*x07+x06.*((-1).*x010+x07)+x04.*(x012+(-1).* ...
x09)+x010.*x09).^2+((-1).*x012.*x08+x06.*((-1).*x011+x08)+x05.*( ...
x012+(-1).*x09)+x011.*x09).^2).^(-3/2)+(-2).*rho.*((-1).*x06+x09) ...
.*((-1).*x012.*x08+x06.*((-1).*x011+x08)+x05.*(x012+(-1).*x09)+ ...
x011.*x09).*(((-1).*x011.*x07+x05.*((-1).*x010+x07)+x04.*(x011+( ...
-1).*x08)+x010.*x08).^2+((-1).*x012.*x07+x06.*((-1).*x010+x07)+ ...
x04.*(x012+(-1).*x09)+x010.*x09).^2+((-1).*x012.*x08+x06.*((-1).* ...
x011+x08)+x05.*(x012+(-1).*x09)+x011.*x09).^2).^(-1/2),(1/2).* ...
rho.*((-1).*x012.*x08+x06.*((-1).*x011+x08)+x05.*(x012+(-1).*x09)+ ...
x011.*x09).^2.*(2.*(x04+(-1).*x07).*((-1).*x012.*x07+x06.*((-1).* ...
x010+x07)+x04.*(x012+(-1).*x09)+x010.*x09)+2.*(x05+(-1).*x08).*(( ...
-1).*x012.*x08+x06.*((-1).*x011+x08)+x05.*(x012+(-1).*x09)+x011.* ...
x09)).*(((-1).*x011.*x07+x05.*((-1).*x010+x07)+x04.*(x011+(-1).* ...
x08)+x010.*x08).^2+((-1).*x012.*x07+x06.*((-1).*x010+x07)+x04.*( ...
x012+(-1).*x09)+x010.*x09).^2+((-1).*x012.*x08+x06.*((-1).*x011+ ...
x08)+x05.*(x012+(-1).*x09)+x011.*x09).^2).^(-3/2)+(-2).*rho.*(x05+ ...
(-1).*x08).*((-1).*x012.*x08+x06.*((-1).*x011+x08)+x05.*(x012+(-1) ...
.*x09)+x011.*x09).*(((-1).*x011.*x07+x05.*((-1).*x010+x07)+x04.*( ...
x011+(-1).*x08)+x010.*x08).^2+((-1).*x012.*x07+x06.*((-1).*x010+ ...
x07)+x04.*(x012+(-1).*x09)+x010.*x09).^2+((-1).*x012.*x08+x06.*(( ...
-1).*x011+x08)+x05.*(x012+(-1).*x09)+x011.*x09).^2).^(-1/2)];

T(2,:) = [0,0,0,0,0,0,0,0,0,0,0,0];
T(3,:) = [0,0,0,0,0,0,0,0,0,0,0,0];

T(4,:) = T(1,:);
T(5,:) = T(2,:);
T(6,:) = T(3,:);

T(7,:) = T(1,:);
T(8,:) = T(2,:);
T(9,:) = T(3,:);

T(10,:) = T(1,:);
T(11,:) = T(2,:);
T(12,:) = T(3,:);


end