function A = A_conf2()
    A = [0 0 0 0 0 0;
         0 0 0 0 0 0;
         0 0 1 0 0 0;
         0 0 0 1 0 0;
         0 0 0 0 0 0;
         0 0 0 0 0 0];
end