function A = A_conf3()
    A = [0 0 0 0 0 0;
         0 0 0 0 0 0;
         0 0 0 0 0 0;
         0 0 0 0 0 0;
         0 0 0 0 1 0;
         0 0 0 0 0 1];
end