function B = B_conf2_1()
    B = [0 0 0 0 0 0;
         0 0 0 0 0 0;
         1 0 -1  0 0 0;
         0 1 0 -1 0 0;
         0 0 0 0 0 0;
         0 0 0 0 0 0];
end