function B = B_conf3_2()
    B = [0 0 0 0 0 0;
         0 0 0 0 0 0;
         0 0 0 0 0 0;
         0 0 0 0 0 0;
         0 0 1 0 -1 0;
         0 0 0 1 0 -1];
end