function B = B_conf2_3()
    B = [0 0 0 0 0 0;
         0 0 0 0 0 0;
         0 0 -1  0 1 0;
         0 0 0 -1 0 1;
         0 0 0 0 0 0;
         0 0 0 0 0 0];
end