function B = B_conf1_3()
    B = [-1 0 0 0 1 0;
         0 -1 0 0 0 1;
         0 0 0 0 0 0;
         0 0 0 0 0 0;
         0 0 0 0 0 0;
         0 0 0 0 0 0];
end